[BINANCE]
max_value = 49978.12
max_time = 2021-10-12 10:25:26.778264
init_value = 36363.63
min_value = 48089.52
min_time = 2021-10-12 23:00:46.901727
trigger = 1.035
trig_max = 1.0
trig_min = 1.0

